T_1892.01.25 	  1 	    1635 	       4 	    1676 	      50
T_1892.01.25 	  2 	    1533 	       4 	    1732 	      73
T_1892.01.25 	  3 	    1587 	       5 	    1626 	      55
T_1892.01.25 	  4 	    1142 	     122 	    1324 	     227
T_1892.01.25 	  5 	     161 	     126 	     368 	     195
T_1892.01.25 	  6 	     394 	     126 	     649 	     193
T_1892.01.25 	  7 	    1492 	     127 	    1957 	     229
T_1892.01.25 	  8 	    1237 	     179 	    1486 	     226
T_1892.01.25 	  9 	     270 	     213 	     546 	     232
T_1892.01.25 	 10 	      84 	     261 	     404 	     299
T_1892.01.25 	 11 	     416 	     261 	     498 	     299
T_1892.01.25 	 12 	     507 	     261 	     730 	     299
T_1892.01.25 	 13 	     348 	     340 	     430 	     359
T_1892.01.25 	 14 	    1542 	     340 	    1736 	     503
T_1892.01.25 	 15 	      85 	     392 	     122 	     532
T_1892.01.25 	 16 	    1023 	     397 	    1277 	     498
T_1892.01.25 	 17 	    1415 	     418 	    1493 	     498
T_1892.01.25 	 18 	    1271 	     421 	    1428 	     512
T_1892.01.25 	 19 	    1843 	     423 	    1920 	     503
T_1892.01.25 	 20 	    2057 	     441 	    2135 	     522
T_1892.01.25 	 21 	    1966 	     445 	    2059 	     505
T_1892.01.25 	 22 	    1927 	     446 	    1977 	     502
T_1892.01.25 	 23 	    1174 	     504 	    1263 	     532
T_1892.01.25 	 24 	      84 	     532 	     121 	     613
T_1892.01.25 	 25 	    1194 	     532 	    1525 	     598
T_1892.01.25 	 26 	    1824 	     532 	    2057 	     606
T_1892.01.25 	 27 	    1631 	     538 	    1804 	     620
T_1892.01.25 	 28 	     909 	     549 	    1018 	     620
T_1892.01.25 	 29 	     684 	     555 	     783 	     620
T_1892.01.25 	 30 	    1139 	     571 	    1228 	     620
T_1892.01.25 	 31 	     601 	     620 	     721 	     687
T_1892.01.25 	 32 	     847 	     620 	    1103 	     715
T_1892.01.25 	 33 	    1134 	     620 	    1388 	     688
T_1892.01.25 	 34 	    1605 	     620 	    1799 	     682
T_1892.01.25 	 35 	      81 	     628 	     118 	     715
T_1892.01.25 	 36 	     698 	     650 	     765 	     686
T_1892.01.25 	 37 	    1452 	     650 	    1539 	     715
T_1892.01.25 	 38 	    1088 	     694 	    1158 	     715
T_1892.01.25 	 39 	      81 	     715 	     117 	     813
T_1892.01.25 	 40 	     974 	     715 	    1025 	     755
T_1892.01.25 	 41 	    1037 	     715 	    1261 	     785
T_1892.01.25 	 42 	    1299 	     715 	    1519 	     785
T_1892.01.25 	 43 	    1539 	     715 	    1884 	     813
T_1892.01.25 	 44 	      87 	     813 	     117 	     853
T_1892.01.25 	 45 	    1164 	     813 	    1638 	     880
T_1892.01.25 	 46 	    1736 	     813 	    1869 	     903
T_1892.01.25 	 47 	    1938 	     818 	    2146 	     903
T_1892.01.25 	 48 	      80 	     862 	     117 	     903
T_1892.01.25 	 49 	      80 	     903 	     117 	     990
T_1892.01.25 	 50 	     634 	     903 	     858 	     990
T_1892.01.25 	 51 	     898 	     903 	    1059 	     970
T_1892.01.25 	 52 	    1346 	     903 	    1476 	     965
T_1892.01.25 	 53 	    1885 	     903 	    2121 	     936
T_1892.01.25 	 54 	    1489 	     913 	    1818 	     990
T_1892.01.25 	 55 	    1057 	     921 	    1260 	     981
T_1892.01.25 	 56 	    2046 	     938 	    2210 	     979
T_1892.01.25 	 57 	    1862 	     944 	    2021 	     974
T_1892.01.25 	 58 	      87 	     990 	     117 	    1038
T_1892.01.25 	 59 	     198 	     990 	     479 	    1066
T_1892.01.25 	 60 	     664 	     990 	     833 	    1059
T_1892.01.25 	 61 	     866 	     990 	    1094 	    1059
T_1892.01.25 	 62 	    1626 	     990 	    1774 	    1064
T_1892.01.25 	 63 	     484 	     995 	     611 	    1067
T_1892.01.25 	 64 	    1347 	     998 	    1582 	    1065
T_1892.01.25 	 65 	    1938 	    1005 	    2183 	    1070
T_1892.01.25 	 66 	    1205 	    1024 	    1322 	    1059
T_1892.01.25 	 67 	    1085 	    1030 	    1149 	    1082
T_1892.01.25 	 68 	    1784 	    1031 	    1909 	    1066
T_1892.01.25 	 69 	     213 	    1082 	     509 	    1150
T_1892.01.25 	 70 	     563 	    1082 	    1124 	    1153
T_1892.01.25 	 71 	    1126 	    1082 	    1249 	    1152
T_1892.01.25 	 72 	    1284 	    1085 	    1595 	    1154
T_1892.01.25 	 73 	    1658 	    1086 	    1789 	    1153
T_1892.01.25 	 74 	    1811 	    1095 	    2181 	    1164
T_1892.01.25 	 75 	     236 	    1172 	     359 	    1237
T_1892.01.25 	 76 	     954 	    1174 	    1144 	    1276
T_1892.01.25 	 77 	    1318 	    1174 	    1653 	    1248
T_1892.01.25 	 78 	     380 	    1176 	     625 	    1241
T_1892.01.25 	 79 	     677 	    1184 	     928 	    1241
T_1892.01.25 	 80 	    1694 	    1184 	    1997 	    1276
T_1892.01.25 	 81 	    1166 	    1197 	    1267 	    1243
T_1892.01.25 	 82 	    2035 	    1210 	    2123 	    1257
T_1892.01.25 	 83 	     290 	    1244 	     361 	    1276
T_1892.01.25 	 84 	     197 	    1276 	     488 	    1337
T_1892.01.25 	 85 	     571 	    1276 	     820 	    1337
T_1892.01.25 	 86 	     818 	    1352 	    1008 	    1440
T_1892.01.25 	 87 	    1256 	    1352 	    1676 	    1461
T_1892.01.25 	 88 	     546 	    1359 	     779 	    1461
T_1892.01.25 	 89 	    1848 	    1365 	    2167 	    1461
T_1892.01.25 	 90 	    1762 	    1370 	    1894 	    1435
T_1892.01.25 	 91 	     971 	    1389 	    1183 	    1442
T_1892.01.25 	 92 	     453 	    1461 	     862 	    1523
T_1892.01.25 	 93 	    1023 	    1461 	    1207 	    1529
T_1892.01.25 	 94 	    1264 	    1461 	    1678 	    1523
T_1892.01.25 	 95 	    1679 	    1461 	    2233 	    1549
T_1892.01.25 	 96 	     243 	    1473 	     418 	    1549
T_1892.01.25 	 97 	     892 	    1485 	     965 	    1522
T_1892.01.25 	 98 	     216 	    1549 	     362 	    1636
T_1892.01.25 	 99 	     560 	    1549 	     745 	    1614
T_1892.01.25 	 100 	    1311 	    1549 	    1630 	    1643
T_1892.01.25 	 101 	    1664 	    1549 	    1899 	    1618
T_1892.01.25 	 102 	    1941 	    1549 	    2223 	    1630
T_1892.01.25 	 103 	     755 	    1570 	     911 	    1620
T_1892.01.25 	 104 	     944 	    1570 	    1140 	    1614
T_1892.01.25 	 105 	    1173 	    1572 	    1279 	    1617
T_1892.01.25 	 106 	     400 	    1573 	     544 	    1615
T_1892.01.25 	 107 	     399 	    1623 	     471 	    1643
T_1892.01.25 	 108 	     376 	    1643 	     453 	    1695
T_1892.01.25 	 109 	     602 	    1643 	     838 	    1707
T_1892.01.25 	 110 	    1205 	    1643 	    1458 	    1738
T_1892.01.25 	 111 	    1349 	    1643 	    1410 	    1679
T_1892.01.25 	 112 	     972 	    1644 	    1205 	    1708
T_1892.01.25 	 113 	    1478 	    1644 	    1888 	    1738
T_1892.01.25 	 114 	     256 	    1648 	     358 	    1707
T_1892.01.25 	 115 	    1903 	    1664 	    2017 	    1718
T_1892.01.25 	 116 	    2020 	    1664 	    2129 	    1713
T_1892.01.25 	 117 	     878 	    1666 	     931 	    1705
T_1892.01.25 	 118 	    2091 	    1668 	    2178 	    1738
T_1892.01.25 	 119 	     418 	    1670 	     545 	    1708
T_1892.01.25 	 120 	     214 	    1738 	     575 	    1829
T_1892.01.25 	 121 	     622 	    1738 	    1036 	    1805
T_1892.01.25 	 122 	    1021 	    1738 	    1269 	    1829
T_1892.01.25 	 123 	    1349 	    1738 	    1617 	    1829
T_1892.01.25 	 124 	    1653 	    1738 	    1755 	    1799
T_1892.01.25 	 125 	    1292 	    1768 	    1355 	    1798
T_1892.01.25 	 126 	    1935 	    1778 	    2141 	    1814
T_1892.01.25 	 127 	    1773 	    1783 	    1910 	    1813
T_1892.01.25 	 128 	     263 	    1829 	     377 	    1887
T_1892.01.25 	 129 	     783 	    1829 	     887 	    1895
T_1892.01.25 	 130 	     913 	    1829 	    1213 	    1928
T_1892.01.25 	 131 	    1290 	    1829 	    1590 	    1928
T_1892.01.25 	 132 	    2027 	    1834 	    2233 	    1908
T_1892.01.25 	 133 	    1637 	    1837 	    2011 	    1928
T_1892.01.25 	 134 	     571 	    1842 	     743 	    1891
T_1892.01.25 	 135 	     395 	    1858 	     544 	    1894
T_1892.01.25 	 136 	     259 	    1928 	     431 	    1987
T_1892.01.25 	 137 	     468 	    1928 	     831 	    2016
T_1892.01.25 	 138 	     658 	    2016 	     775 	    2077
T_1892.01.25 	 139 	    1237 	    2016 	    1350 	    2082
T_1892.01.25 	 140 	    1704 	    2016 	    1978 	    2097
T_1892.01.25 	 141 	     800 	    2019 	    1073 	    2097
T_1892.01.25 	 142 	    1112 	    2022 	    1225 	    2081
T_1892.01.25 	 143 	    1375 	    2042 	    1695 	    2087
T_1892.01.25 	 144 	      10 	    2097 	     325 	    2177
T_1892.01.25 	 145 	     368 	    2097 	     468 	    2177
T_1892.01.25 	 146 	     799 	    2097 	    1033 	    2172
T_1892.01.25 	 147 	    1508 	    2097 	    1786 	    2175
T_1892.01.25 	 148 	     522 	    2104 	     659 	    2200
T_1892.01.25 	 149 	    1046 	    2118 	    1313 	    2200
T_1892.01.25 	 150 	     710 	    2134 	     764 	    2171
T_1892.01.25 	 151 	    1348 	    2142 	    1464 	    2175
T_1892.01.25 	 152 	     622 	    2166 	     683 	    2200
T_1892.01.25 	 153 	      82 	    2178 	     315 	    2196
T_1892.01.25 	 154 	     527 	    2200 	     591 	    2251
T_1892.01.25 	 155 	     611 	    2200 	     712 	    2266
T_1892.01.25 	 156 	    1029 	    2200 	    1141 	    2261
T_1892.01.25 	 157 	    1159 	    2200 	    1278 	    2263
T_1892.01.25 	 158 	     751 	    2201 	    1003 	    2297
T_1892.01.25 	 159 	    1280 	    2206 	    1612 	    2269
T_1892.01.25 	 160 	    1817 	    2219 	    2000 	    2281
T_1892.01.25 	 161 	    1616 	    2230 	    1804 	    2297
T_1892.01.25 	 162 	    2014 	    2243 	    2196 	    2277
T_1892.01.25 	 163 	     308 	    2297 	     554 	    2386
T_1892.01.25 	 164 	     580 	    2297 	     995 	    2361
T_1892.01.25 	 165 	    1015 	    2297 	    1136 	    2357
T_1892.01.25 	 166 	    1168 	    2297 	    1497 	    2363
T_1892.01.25 	 167 	    1536 	    2297 	    1668 	    2359
T_1892.01.25 	 168 	    2005 	    2299 	    2153 	    2373
T_1892.01.25 	 169 	    1883 	    2306 	    2001 	    2366
T_1892.01.25 	 170 	    1656 	    2328 	    1856 	    2367
T_1892.01.25 	 171 	     304 	    2386 	     745 	    2484
T_1892.01.25 	 172 	     759 	    2386 	    1082 	    2484
T_1892.01.25 	 173 	    1200 	    2386 	    1364 	    2484
T_1892.01.25 	 174 	    1562 	    2386 	    1845 	    2458
T_1892.01.25 	 175 	    1403 	    2390 	    1526 	    2454
T_1892.01.25 	 176 	    1994 	    2390 	    2209 	    2470
T_1892.01.25 	 177 	    1865 	    2402 	    1974 	    2459
T_1892.01.25 	 178 	    1125 	    2406 	    1202 	    2447
T_1892.01.25 	 179 	     323 	    2484 	     450 	    2545
T_1892.01.25 	 180 	     771 	    2484 	    1085 	    2575
T_1892.01.25 	 181 	    1181 	    2484 	    1763 	    2553
T_1892.01.25 	 182 	    1795 	    2484 	    1962 	    2575
T_1892.01.25 	 183 	    2069 	    2484 	    2233 	    2556
T_1892.01.25 	 184 	     460 	    2505 	     739 	    2549
T_1892.01.25 	 185 	    1989 	    2512 	    2059 	    2548
T_1892.01.25 	 186 	     478 	    2575 	     632 	    2646
T_1892.01.25 	 187 	     877 	    2575 	    1013 	    2669
T_1892.01.25 	 188 	    1626 	    2575 	    1896 	    2652
T_1892.01.25 	 189 	    1851 	    2575 	    2175 	    2669
T_1892.01.25 	 190 	    1252 	    2582 	    1593 	    2647
T_1892.01.25 	 191 	     316 	    2589 	     451 	    2640
T_1892.01.25 	 192 	     567 	    2604 	     849 	    2669
T_1892.01.25 	 193 	    1091 	    2604 	    1215 	    2640
T_1892.01.25 	 194 	    1014 	    2608 	    1062 	    2637
T_1892.01.25 	 195 	     567 	    2669 	     699 	    2727
T_1892.01.25 	 196 	     710 	    2669 	     970 	    2759
T_1892.01.25 	 197 	     976 	    2669 	    1108 	    2727
T_1892.01.25 	 198 	    1600 	    2669 	    1833 	    2742
T_1892.01.25 	 199 	    1288 	    2671 	    1576 	    2746
T_1892.01.25 	 200 	    1829 	    2681 	    1964 	    2747
T_1892.01.25 	 201 	    1149 	    2683 	    1267 	    2730
T_1892.01.25 	 202 	    1948 	    2691 	    2162 	    2760
T_1892.01.25 	 203 	     304 	    2760 	     441 	    2813
T_1892.01.25 	 204 	     453 	    2760 	     794 	    2848
T_1892.01.25 	 205 	    1157 	    2760 	    1294 	    2832
T_1892.01.25 	 206 	    1911 	    2760 	    1981 	    2807
T_1892.01.25 	 207 	     903 	    2767 	    1146 	    2831
T_1892.01.25 	 208 	     827 	    2792 	     891 	    2830
T_1892.01.25 	 209 	    1289 	    2808 	    1867 	    2828
T_1892.01.25 	 210 	    2111 	    2820 	    2194 	    2837